in-PEHE :  1.73365 '\pm' 0.02706857033535387 
in-ATE :  0.10885000000000002 '\pm' 0.035279562072111935 
out-PEHE : 1.6749699999999996 '\pm' 0.04336806543990635 
out-ATE : 0.009120000000000034 '\pm' 0.005134744394806781 
