in-ATE :  -210.21851999999998 \pm 24.327970827210397 
out-ATE : -223.99900000000002 \pm 14.779124894255412 