in-ATE :  -223.49723999999998 '\pm' 17.04722484460154 
out-ATE : -232.77703999999997 '\pm' 11.358639138488375 
