in-PEHE :  1.6456599999999997 '\pm' 0.001692453839843207 
in-ATE :  0.08070000000000001 '\pm' 0.003930648801406712 
out-PEHE : 1.5771400000000002 '\pm' 0.001407266854580181 
out-ATE : 0.0036300000000000134 '\pm' 0.0021149704489660695 
