in-PEHE :  1.8363800000000001 '\pm' 0.033324699548533065 
in-ATE :  0.14327 '\pm' 0.021709378157837675 
out-PEHE : 1.7867199999999999 '\pm' 0.031566780006836305 
out-ATE : 0.06408 '\pm' 0.01886090135704021 
