in-ATT :  1331.0284999999997 '\pm' 209.51944125104478 
out-ATT : 749.7708799999999 '\pm' 242.96342011274373 
NOTE : These errors are not normalised as shown in the paper.