in-ATE :  -221.72292000000002 '\pm' 20.69451566559604 
out-ATE : -232.39828 '\pm' 12.579115331437263 
