in-PEHE :  1.98771 '\pm' 0.059045625578869075 
in-ATE :  0.05118000000000006 '\pm' 0.03901547897950247 
out-PEHE : 1.9475300000000002 '\pm' 0.07824403555543387 
out-ATE : 0.006990000000000043 '\pm' 0.003609695277997802 
