in-ATE :  -211.60656 \pm 22.283504124944084 
out-ATE : -225.60728 \pm 15.017578392057755 
