in-ATT :  2250.2800399999996 '\pm' 127.95522080050661 
out-ATT : 2116.9324899999997 '\pm' 86.00369319603605 
NOTE : These errors are not normalised as shown in the paper.